"V1" "V2" "V3" "V4" "V5" "V6" "V7" "V8" "V9" "V10" "V11" "V12" "V13" "V14" "V15" "V16" "V17" "V18" "V19" "V20" "V21" "V22" "V23" "V24" "V25" "V26" "V27" "V28" "V29" "V30" "V31" "V32" "V33" "V34" "V35" "V36" "V37" "V38" "V39" "V40" "V41" "V42" "V43" "V44" "V45" "V46" "V47" "V48" "V49" "V50" "V51" "V52" "V53" "V54" "V55" "V56" "V57" "V58" "V59" "V60" "V61" "V62" "V63" "V64" "V65" "V66" "V67" "V68" "V69" "V70" "V71" "V72" "V73" "V74" "V75" "V76" "V77" "V78" "V79" "V80" "V81" "V82" "V83" "V84" "V85" "V86" "V87" "V88" "V89" "V90" "V91" "V92" "V93" "V94" "V95" "V96" "V97" "V98" "V99" "V100"
"Fa.BcD.110.DN" 316 304 321 302 308 314 304 327 295 316 321 327 307 317 310 314 309 298 307 298 308 312 329 291 313 325 328 310 318 322 319 311 304 313 311 329 325 299 313 319 309 326 309 310 318 316 299 316 325 316 308 299 317 318 309 303 307 306 301 310 320 311 298 315 304 297 319 310 305 315 322 313 310 301 326 309 306 326 315 308 310 322 316 311 313 304 310 310 328 291 321 329 316 302 323 331 307 313 300 310
"Fa.BcD.110.SD" 254 247 254 230 249 250 244 254 251 243 233 250 237 237 232 234 230 241 236 250 255 244 247 238 242 244 245 228 243 239 260 236 246 234 242 235 244 245 227 249 228 253 237 243 234 235 255 232 236 241 235 258 236 242 240 240 245 242 242 251 244 225 233 241 236 241 232 255 242 233 220 246 241 243 245 240 248 237 237 240 249 240 257 242 230 237 242 252 233 241 235 244 238 239 234 241 244 246 240 249
"Fa.BcD.110.SN" 250 255 250 237 223 251 233 235 223 236 239 237 229 226 243 245 236 236 233 235 241 249 241 234 235 246 238 247 231 231 241 227 244 229 254 233 225 228 232 231 234 252 243 229 230 236 224 229 226 233 252 235 255 247 243 245 238 229 235 224 243 241 244 246 249 231 241 254 241 244 242 230 254 229 231 226 234 240 236 228 228 229 247 241 240 247 239 227 233 246 249 234 230 242 235 250 238 240 238 231
"Fa.BcD.15.DN" 274 283 267 256 268 272 293 286 278 274 288 260 288 272 273 273 282 290 283 278 271 261 277 285 267 280 281 275 275 267 281 287 268 272 289 274 270 274 283 277 285 276 302 284 288 267 277 275 268 286 289 287 293 268 280 270 267 282 280 264 270 273 288 271 271 280 270 283 288 276 276 278 272 274 256 283 283 257 277 283 268 270 266 282 263 295 270 301 262 277 285 265 275 278 279 280 279 285 258 272
"Fa.BcD.15.SD" 246 253 247 251 271 257 269 248 270 256 249 260 265 251 243 250 261 253 276 257 250 260 261 259 258 265 273 259 273 254 265 263 256 251 256 238 260 262 252 247 253 264 256 266 263 267 271 259 250 262 259 258 248 253 249 257 250 243 267 277 262 276 254 252 271 265 254 248 262 262 262 250 259 256 251 258 263 255 264 250 260 253 275 256 240 267 253 250 263 261 252 249 280 278 247 255 253 262 261 241
"Fa.BcD.15.SN" 310 300 303 298 295 300 307 300 305 302 300 301 299 312 297 296 304 287 290 312 290 295 319 302 294 299 315 290 291 310 283 311 306 305 291 304 298 305 291 308 292 312 304 307 294 300 295 286 302 307 305 304 286 283 287 294 296 309 307 294 293 281 302 299 315 303 298 316 303 319 309 292 300 291 309 301 311 302 306 301 302 298 317 292 303 291 308 299 305 291 313 292 299 310 297 317 304 294 317 330
"Fa.BcD.MLB.DN" 544 533 567 546 557 575 541 557 567 562 515 562 556 554 527 539 551 549 552 557 536 546 562 562 557 559 564 556 555 553 583 555 555 562 528 572 554 535 539 566 552 548 545 540 571 571 547 573 558 538 546 538 557 542 532 540 559 548 555 582 554 563 554 546 552 567 549 575 537 554 580 564 540 537 554 558 577 560 552 575 548 566 571 535 570 564 533 565 540 554 563 565 549 558 552 530 549 542 551 553
"Fa.BcD.MLB.SN" 499 496 478 513 485 487 497 482 509 498 496 471 480 489 515 494 494 493 488 493 475 498 500 486 499 491 497 493 477 486 475 482 488 478 501 479 486 489 487 502 503 502 501 513 505 470 495 486 504 483 485 496 511 496 479 487 480 493 484 524 501 476 495 490 481 509 475 482 500 484 486 456 495 483 464 488 479 499 484 501 504 491 478 478 495 494 475 476 483 469 482 470 494 482 477 481 496 500 494 477
"Fa.BD.110.DN" 246 246 238 241 249 246 235 237 242 244 247 243 247 235 242 238 232 246 221 237 236 251 230 230 252 226 233 250 242 239 253 236 245 242 235 231 245 244 237 236 239 235 242 251 237 239 235 241 236 248 232 229 241 246 232 242 240 237 240 239 240 238 249 244 242 241 243 249 237 246 255 244 238 232 240 243 240 232 240 241 237 223 250 255 243 239 243 233 235 237 241 254 245 246 236 245 229 233 252 230
"Fa.BD.110.SD" 161 160 168 167 165 156 157 167 164 164 160 170 157 158 146 174 161 156 164 157 169 153 164 166 152 165 173 166 164 163 167 158 152 160 166 164 157 165 154 160 158 157 157 178 172 163 157 164 164 170 161 163 170 173 166 164 172 157 169 151 173 156 154 167 162 166 158 160 168 161 163 170 170 164 169 162 164 160 165 170 168 177 167 177 172 175 162 159 167 159 163 161 168 167 168 156 168 169 166 163
"Fa.BD.110.SN" 167 171 154 156 152 164 156 165 167 156 149 163 150 146 157 161 155 157 166 149 153 156 160 153 157 150 163 160 155 157 158 160 156 160 158 157 163 150 150 166 166 160 171 160 157 164 158 155 159 162 165 153 161 167 148 166 158 163 158 167 160 148 159 151 152 169 159 145 163 157 164 164 161 162 157 165 146 168 165 164 168 159 160 157 160 174 158 170 156 160 152 164 157 155 146 162 161 153 160 158
"Fa.BD.15.DN" 201 194 202 214 199 208 199 196 208 204 211 208 203 186 208 198 201 185 211 206 199 205 206 208 209 196 202 201 210 193 211 196 188 203 199 207 208 204 207 214 204 203 191 199 196 225 210 213 209 195 200 193 196 194 196 187 215 205 192 193 207 201 201 209 194 190 213 200 199 186 202 196 186 202 200 205 193 214 213 211 197 201 209 200 204 199 204 198 193 204 204 204 214 199 205 203 195 211 196 203
"Fa.BD.15.SD" 180 172 185 193 183 176 173 178 178 174 179 183 173 173 173 181 178 177 167 166 176 168 171 173 179 185 177 184 183 188 172 171 175 176 188 185 169 184 174 171 175 186 178 188 170 169 181 177 171 180 173 187 158 183 186 181 179 175 169 184 182 176 168 178 173 174 180 166 185 179 164 168 171 176 168 169 169 177 174 170 176 185 168 186 168 179 184 176 181 178 180 173 185 169 167 168 187 185 180 169
"Fa.BD.15.SN" 221 220 227 214 227 211 211 232 199 226 227 231 223 228 218 221 233 222 216 213 222 218 216 211 217 218 218 219 227 228 219 228 220 210 221 225 220 220 235 216 201 205 212 231 234 215 220 210 216 221 221 215 234 218 216 219 222 220 211 215 218 214 221 214 219 226 223 200 225 218 230 225 208 211 207 229 205 227 221 208 222 208 214 216 241 219 228 218 212 212 209 218 206 226 223 212 226 228 220 210
"Fa.BD.MLB.DN" 444 469 445 462 454 487 431 463 455 446 462 447 459 460 455 446 467 448 463 457 446 460 458 462 441 448 448 454 442 456 423 456 449 445 443 445 455 470 425 456 445 441 464 432 469 437 435 462 454 443 458 444 445 443 463 444 440 436 458 461 442 457 456 447 441 432 444 446 429 430 429 460 451 479 460 449 469 456 438 448 449 460 460 440 445 463 442 456 460 465 447 440 440 437 433 433 440 449 451 456
"Fa.BD.MLB.SN" 375 393 387 401 381 415 393 387 409 395 369 392 411 404 395 398 387 377 409 392 384 391 401 383 408 405 377 394 385 405 385 387 386 380 379 370 398 399 384 380 375 405 426 391 392 404 389 380 395 397 403 399 374 396 384 395 397 384 389 376 392 383 381 378 401 378 406 409 387 402 408 397 387 398 403 397 400 404 391 394 383 382 368 399 382 402 427 371 409 403 398 415 407 389 403 404 389 402 377 405
"Fa.EcD.110.DN" 388 371 395 385 405 408 380 402 406 391 388 410 379 384 392 392 411 412 395 396 393 378 407 404 390 383 409 403 395 394 410 390 390 391 411 409 382 405 388 407 393 387 402 388 394 391 381 400 403 391 375 393 400 377 386 411 399 393 398 379 387 401 399 396 413 377 427 425 396 398 405 398 393 407 398 399 384 420 417 397 402 392 403 390 399 395 399 408 398 384 390 390 377 392 380 392 386 397 414 388
"Fa.EcD.110.SD" 234 240 225 230 240 236 247 228 244 235 233 227 229 228 232 224 229 243 226 223 220 233 234 231 228 248 218 219 227 226 230 219 233 228 226 233 222 238 231 232 230 220 219 233 232 224 246 240 233 225 238 243 225 237 231 242 234 236 223 238 221 222 225 228 243 234 228 228 232 219 218 226 235 225 230 218 211 224 231 248 220 229 240 230 228 242 227 221 228 245 233 246 231 228 225 231 233 228 250 227
"Fa.EcD.110.SN" 289 270 281 265 264 280 298 262 289 279 288 278 287 284 281 290 275 288 282 285 272 272 270 266 281 265 268 280 271 284 280 273 280 269 281 277 288 295 270 283 271 275 277 286 267 284 262 278 276 262 280 262 292 292 299 284 271 277 267 289 277 288 283 277 258 287 267 270 283 276 271 285 296 255 270 280 268 289 291 294 279 295 288 271 291 283 267 272 283 307 282 281 273 271 266 280 290 288 263 281
"Fa.EcD.15.DN" 479 507 496 492 464 484 473 492 461 472 472 514 491 465 472 492 484 474 489 489 477 482 488 472 494 476 477 473 496 468 483 479 494 452 511 485 493 494 478 471 472 471 473 477 466 476 508 498 466 469 478 501 461 485 490 483 481 474 470 478 477 492 486 470 492 474 466 481 477 465 482 487 514 474 479 463 466 481 491 493 486 489 480 480 485 486 465 490 475 482 485 463 477 455 467 498 492 455 491 462
"Fa.EcD.15.SD" 343 334 349 348 347 344 346 345 344 358 343 355 341 345 357 344 355 352 350 362 330 359 339 349 343 333 337 343 354 343 346 350 329 350 336 351 339 356 353 342 316 340 360 354 338 341 360 339 338 347 359 357 358 342 344 363 350 344 351 363 352 337 350 339 362 351 337 339 334 343 352 342 339 355 332 333 338 349 349 351 357 356 341 357 345 339 345 338 339 351 343 327 333 344 325 341 347 357 346 353
"Fa.EcD.15.SN" 460 478 460 468 470 457 453 460 487 475 467 456 443 454 469 451 441 465 466 458 456 435 472 460 474 463 460 485 460 472 481 467 481 474 459 474 464 464 482 497 468 459 452 452 452 457 462 476 478 490 472 460 478 472 488 464 484 463 459 466 501 476 465 465 471 468 463 477 452 456 481 482 470 461 458 471 465 458 452 466 470 459 462 460 451 465 481 490 478 468 483 467 459 468 435 455 462 478 466 463
"Fa.EcD.MLB.DN" 547 530 510 544 505 517 535 528 552 541 530 537 544 541 516 524 516 549 527 524 534 521 539 515 518 522 546 548 539 511 546 512 549 537 505 509 529 521 527 526 523 545 537 540 539 528 535 520 547 527 552 544 540 536 534 542 535 529 531 540 541 495 551 552 550 527 528 540 528 527 540 520 526 541 527 546 551 535 542 526 549 553 524 526 527 546 534 541 523 524 533 526 532 531 531 529 526 519 534 512
"Fa.EcD.MLB.SN" 634 623 665 595 629 612 643 600 580 647 635 614 630 619 624 640 654 632 628 615 632 622 653 603 621 612 634 624 645 628 645 613 611 625 598 618 635 645 636 626 638 612 628 624 631 603 605 625 634 629 638 624 615 620 647 613 622 646 616 619 614 626 632 644 623 621 625 604 641 609 634 620 597 603 621 625 662 657 628 628 650 635 617 639 630 625 627 631 610 622 639 655 609 610 608 641 628 611 633 637
"Fa.ED.110.DN" 458 452 466 477 466 449 454 460 444 465 459 464 487 458 454 484 459 456 462 449 469 459 479 463 458 453 460 469 475 454 451 443 459 468 457 456 480 468 472 457 449 468 466 458 483 440 466 456 452 447 444 440 462 483 434 454 458 488 452 459 450 443 454 464 437 480 465 458 453 465 445 443 465 467 466 442 447 463 472 464 489 471 468 455 473 451 467 448 453 463 443 472 451 453 468 440 456 460 466 456
"Fa.ED.110.SD" 271 268 263 247 274 267 263 267 256 251 256 265 259 267 266 260 264 259 251 264 251 262 259 251 261 255 261 275 262 270 251 260 245 255 274 260 263 268 251 262 254 258 252 258 265 260 249 264 254 265 252 262 263 266 258 259 250 262 257 248 250 252 265 259 259 252 258 270 257 252 265 269 262 251 262 263 255 254 257 259 256 257 256 253 263 274 252 266 262 251 253 252 258 257 259 264 261 255 269 250
"Fa.ED.110.SN" 312 294 301 283 297 291 288 297 284 298 295 302 301 296 276 306 290 285 295 285 296 281 281 293 306 301 294 283 304 298 290 305 294 290 306 285 294 299 282 299 296 301 299 299 292 291 296 292 291 304 291 291 281 281 284 300 278 293 306 299 300 296 300 308 283 276 298 297 307 296 298 303 282 296 304 311 292 282 290 305 298 304 287 295 286 295 293 287 303 277 303 301 294 287 275 289 294 299 312 289
"Fa.ED.15.DN" 482 512 496 503 503 495 483 498 485 508 507 492 519 499 503 504 484 491 511 504 491 508 496 497 508 484 494 519 507 510 491 490 502 515 507 499 498 496 509 502 484 501 499 501 516 488 491 483 478 511 488 496 504 483 500 498 491 499 496 505 504 489 501 502 492 509 510 490 508 486 518 502 506 485 500 498 498 498 507 499 497 489 525 502 501 491 493 503 521 495 521 502 489 484 487 510 520 494 499 512
"Fa.ED.15.SD" 355 339 342 354 353 337 360 350 352 349 367 332 336 358 350 355 339 353 357 351 357 344 363 340 343 342 332 333 350 366 351 345 332 340 358 353 349 341 349 346 347 347 379 349 356 344 345 363 339 353 357 339 355 330 356 366 339 357 358 371 362 347 344 349 370 352 355 350 353 355 351 339 364 333 349 363 345 348 358 346 351 341 348 347 356 360 364 361 360 357 354 359 356 341 352 353 341 364 351 345
"Fa.ED.15.SN" 543 517 537 524 519 529 532 534 561 519 538 548 531 524 538 528 530 548 538 517 525 527 550 539 519 540 530 518 529 520 536 539 518 534 518 548 516 538 538 538 536 527 551 535 524 508 505 525 521 534 527 519 514 537 522 515 530 558 524 514 551 530 532 525 525 519 528 521 521 552 517 537 526 523 515 510 539 523 524 526 508 527 549 522 530 518 538 520 522 527 514 546 538 515 548 536 514 511 514 519
"Fa.ED.MLB.DN" 583 557 539 567 568 568 567 585 561 585 574 573 587 583 567 599 563 567 568 543 558 568 522 547 542 543 558 542 580 561 582 561 574 537 564 594 561 581 551 591 541 564 568 571 557 593 575 566 586 546 535 565 570 562 562 586 577 555 574 560 573 567 557 580 577 569 566 565 556 557 581 553 570 551 576 580 578 563 575 545 586 584 572 542 570 591 562 566 552 583 577 576 541 556 551 566 580 549 554 543
"Fa.ED.MLB.SN" 528 548 556 539 541 537 525 530 555 553 541 533 548 536 557 540 532 526 530 530 538 517 543 547 557 551 525 536 537 534 535 569 543 544 551 526 537 546 533 562 530 517 531 551 532 545 556 526 561 558 549 531 532 523 542 559 547 523 535 530 541 542 536 528 528 527 559 534 549 540 518 521 541 549 539 528 538 538 550 545 517 533 538 543 525 545 545 525 524 557 532 535 529 534 543 540 535 539 557 541
"Sp.BcD.110.DD" 189 205 183 175 198 191 176 188 188 194 188 189 183 186 200 187 191 189 181 193 186 191 201 195 194 178 191 201 203 181 171 203 182 180 187 183 186 184 179 187 196 191 186 194 186 181 196 202 185 183 190 183 190 186 194 175 183 198 195 192 186 182 184 182 203 178 190 196 198 201 200 198 177 195 182 197 190 183 200 193 195 189 189 182 187 199 195 200 185 184 196 191 184 188 189 199 186 190 175 187
"Sp.BcD.110.SD" 181 187 189 191 185 181 175 180 185 188 180 184 182 193 186 187 172 200 180 190 185 186 188 191 200 190 181 183 173 192 183 176 177 185 179 184 192 181 196 177 183 189 195 189 184 192 179 174 188 180 188 185 177 187 186 192 185 186 189 186 179 185 177 180 186 185 186 182 184 175 196 182 178 192 187 186 187 188 182 176 187 194 187 194 193 191 181 182 190 175 196 183 195 188 189 202 189 189 176 192
"Sp.BcD.110.SN" 181 186 180 181 196 185 197 182 180 183 179 191 170 181 178 172 180 180 177 173 189 191 173 178 185 174 192 170 186 185 180 167 176 183 172 173 180 182 184 182 191 170 185 173 175 183 181 177 180 187 194 182 182 168 179 186 193 181 181 183 175 176 192 179 200 171 189 181 172 172 181 184 189 176 177 189 182 179 187 193 175 184 187 189 179 195 169 188 191 179 173 182 182 179 188 182 173 184 184 181
"Sp.BcD.15.DD" 338 327 333 333 336 319 319 333 327 320 332 324 341 326 328 325 319 324 324 336 340 333 330 321 319 330 323 339 316 330 337 333 332 327 342 326 324 345 338 335 321 325 334 330 331 318 340 309 330 322 317 343 341 332 337 327 312 335 329 343 310 329 331 323 346 333 328 318 338 323 323 347 322 323 358 325 323 329 319 326 308 314 338 324 342 331 339 324 321 322 330 313 333 337 336 330 335 342 325 318
"Sp.BcD.15.SD" 261 272 250 263 263 264 269 248 261 262 256 249 253 252 264 257 261 252 264 267 261 250 255 260 249 262 263 266 278 264 269 247 261 260 272 250 263 262 258 261 252 269 265 246 267 261 274 261 262 276 254 266 263 267 267 251 267 249 278 256 266 259 246 264 265 252 273 265 251 255 257 280 263 260 271 267 270 260 256 262 256 238 248 274 270 247 256 253 266 260 253 266 259 254 264 238 251 257 258 257
"Sp.BcD.15.SN" 309 334 312 314 330 331 327 311 316 310 297 306 318 308 314 320 320 312 309 313 316 322 319 321 323 331 313 330 346 324 338 311 325 320 328 308 310 318 320 330 324 317 303 313 314 312 320 325 309 337 316 316 323 336 318 323 320 324 304 294 304 321 319 316 313 315 328 319 321 319 315 306 301 324 317 328 305 305 310 336 310 319 305 307 312 320 328 305 313 310 340 319 338 331 309 320 315 314 318 326
"Sp.BcD.MLB.SN" 374 377 383 393 380 377 410 359 379 390 356 381 375 379 400 376 368 363 400 349 386 400 359 379 382 380 383 384 360 378 388 360 393 378 372 375 372 384 393 380 379 373 396 354 371 385 383 382 387 361 369 376 382 379 391 362 359 383 393 357 378 356 385 381 369 390 370 365 387 352 376 390 385 392 372 387 387 383 371 382 363 381 382 398 387 382 380 367 390 374 365 391 376 392 366 376 387 368 403 369
"Sp.BD.110.DD" 187 187 197 195 192 197 184 196 193 202 198 195 180 210 183 197 189 202 196 180 178 190 191 199 200 196 198 219 186 177 184 189 186 197 200 191 198 173 202 198 190 188 203 209 215 186 188 196 193 189 179 187 189 187 198 198 208 194 184 196 201 194 176 180 198 202 183 202 191 210 180 206 191 203 183 206 194 195 207 193 184 194 189 202 184 191 201 190 188 186 192 195 181 180 196 209 187 187 209 208
"Sp.BD.110.SD" 150 148 135 144 152 144 136 150 144 139 153 142 143 145 142 139 146 147 150 148 144 146 152 139 145 146 143 156 156 147 154 142 139 151 145 143 155 149 137 147 148 144 145 142 149 146 151 144 154 140 149 148 153 158 144 147 144 150 145 150 145 154 149 151 155 144 154 140 146 138 148 141 141 140 156 141 151 155 150 148 140 142 154 145 162 148 150 160 151 151 156 150 142 143 146 145 142 150 159 156
"Sp.BD.110.SN" 147 149 132 151 154 157 136 148 150 158 151 165 148 144 149 159 145 153 147 148 145 145 155 144 143 145 155 147 144 137 159 145 141 150 149 147 160 153 150 158 139 139 155 154 147 153 152 147 146 142 143 159 148 139 153 145 155 149 148 155 149 142 140 148 154 144 159 149 149 150 150 150 158 146 138 155 140 154 149 147 156 144 154 158 142 145 147 153 156 149 156 160 146 150 145 156 152 148 149 149
"Sp.BD.15.DD" 452 445 458 443 462 435 462 449 448 434 452 457 444 432 447 461 468 466 440 454 450 504 443 472 439 448 437 441 460 414 450 476 430 425 433 463 451 434 455 463 471 462 450 468 452 447 448 419 443 427 461 439 450 444 493 432 438 429 460 455 456 455 444 450 460 434 442 467 472 449 476 441 430 415 431 446 464 473 455 464 435 444 437 484 445 472 459 434 450 457 464 435 456 454 454 455 452 463 464 448
"Sp.BD.15.SD" 324 303 326 312 325 321 312 321 291 311 318 322 331 312 306 314 292 306 327 316 315 300 328 308 305 302 314 310 328 298 330 301 318 320 308 288 335 297 287 310 322 313 318 323 301 305 302 316 302 292 307 302 318 308 292 315 338 291 307 300 307 305 300 311 298 299 326 303 303 327 314 328 312 319 285 312 318 300 330 317 303 301 310 328 300 295 299 308 298 314 321 314 328 315 313 296 302 338 323 303
"Sp.BD.15.SN" 390 370 399 366 405 381 357 385 390 377 376 378 397 370 374 388 356 373 387 372 383 356 379 371 396 387 367 398 368 391 378 382 374 395 383 390 408 376 366 381 375 381 390 373 398 380 381 360 370 389 366 386 369 377 380 390 381 389 378 362 397 409 386 388 408 402 370 369 383 397 384 384 383 377 376 358 349 381 375 364 366 384 369 383 376 397 386 375 370 378 394 370 369 394 401 385 365 397 372 409
"Sp.BD.MLB.SN" 582 580 591 623 553 618 608 581 593 584 637 598 598 569 635 581 624 614 559 579 609 608 604 575 577 623 639 604 582 621 569 589 597 599 580 604 603 599 622 593 596 585 581 596 608 596 596 607 597 568 595 600 593 561 608 596 618 607 603 604 586 576 629 576 577 594 617 615 582 606 562 607 620 567 589 608 606 618 611 614 637 601 606 597 580 628 562 606 621 616 587 599 616 606 579 609 575 584 619 593
"Sp.EcD.110.DD" 794 840 806 845 803 790 806 809 808 806 790 825 827 808 837 816 820 826 841 820 814 784 806 830 814 809 797 833 814 813 805 805 811 831 828 802 815 806 799 806 806 798 783 829 793 811 797 818 814 820 842 832 820 802 838 813 817 822 840 842 822 827 807 808 843 782 789 803 809 803 804 826 824 847 802 805 785 808 817 803 823 829 815 785 810 827 804 832 822 796 811 815 854 815 796 824 823 800 799 807
"Sp.EcD.110.SD" 550 561 558 542 537 548 545 546 547 540 546 546 548 547 551 542 536 548 519 548 557 535 536 543 549 535 527 541 553 533 545 530 557 543 540 552 547 548 535 531 540 542 550 544 527 551 537 561 528 527 537 527 534 541 528 536 539 540 556 533 542 535 552 549 545 532 549 543 552 546 550 553 559 550 535 534 560 552 550 558 556 540 549 533 551 541 537 526 550 546 516 524 541 546 554 529 547 550 560 544
"Sp.EcD.110.SN" 519 518 512 518 515 529 514 539 509 522 498 509 527 510 520 493 531 514 535 528 512 523 527 537 514 532 544 528 527 522 541 512 516 502 509 533 529 506 503 516 502 501 524 539 510 520 549 502 509 511 535 514 505 498 511 509 515 523 509 511 490 513 530 520 515 519 520 527 519 520 520 510 529 510 504 527 508 507 531 529 505 517 509 531 507 519 503 526 526 516 515 492 512 501 500 537 517 533 519 512
"Sp.EcD.15.DD" 539 531 553 541 548 536 550 537 548 533 556 535 555 534 525 549 548 560 545 553 539 541 563 537 523 549 535 544 533 543 539 527 559 527 546 546 568 529 566 543 536 546 556 556 548 540 553 543 566 523 546 572 558 561 544 555 537 542 567 541 536 559 555 537 539 551 541 537 567 532 551 535 574 554 548 555 550 554 543 523 531 545 550 541 542 546 540 560 538 555 542 552 562 572 552 568 544 539 546 540
"Sp.EcD.15.SD" 536 543 501 519 528 520 531 542 513 544 530 550 530 546 548 518 530 524 512 519 511 516 541 536 534 560 543 550 512 518 516 514 514 537 537 526 514 544 529 513 511 519 531 501 533 507 528 528 529 541 537 545 540 530 509 532 509 536 525 537 538 518 535 539 519 504 532 512 525 516 520 525 515 501 540 519 544 517 531 522 531 521 519 527 547 522 530 525 536 555 488 510 517 534 526 527 524 546 520 519
"Sp.EcD.15.SN" 579 560 576 573 580 570 551 569 603 567 591 572 575 580 564 565 584 594 588 584 575 575 577 561 591 582 570 582 569 581 584 576 592 566 581 575 550 584 569 558 581 603 582 595 575 575 574 578 580 580 544 587 587 587 590 566 568 549 562 585 565 585 586 599 587 580 586 596 556 570 573 561 603 575 572 590 604 590 588 577 568 559 569 572 586 572 582 601 585 553 555 589 582 566 585 578 570 601 572 580
"Sp.EcD.MLB.SN" 616 616 608 635 619 604 622 624 594 610 604 607 628 620 602 617 625 647 640 641 654 635 631 628 622 628 613 633 614 642 629 619 654 614 605 617 637 635 601 611 619 641 646 623 595 642 604 648 626 655 621 630 647 612 616 625 633 633 608 640 605 601 615 642 640 605 638 623 604 631 652 636 622 634 635 644 641 618 636 634 641 640 637 638 632 631 628 606 647 633 619 625 602 601 619 640 615 607 633 624
"Sp.ED.110.DD" 940 945 948 981 965 952 956 955 947 952 942 965 954 965 953 958 937 955 963 959 952 955 938 952 968 962 947 952 977 957 961 944 936 921 959 946 966 954 950 960 930 970 947 956 959 945 929 941 961 974 954 956 951 939 935 951 950 971 956 947 947 968 943 947 960 968 954 938 934 964 939 914 927 958 952 933 965 952 961 959 927 953 957 954 948 952 953 952 949 955 941 935 939 935 926 949 952 951 927 940
"Sp.ED.110.SD" 464 464 464 464 464 464 464 464 464 464 464 464 464 464 464 464 464 464 464 464 464 464 464 464 464 464 464 464 464 464 464 464 464 464 464 464 464 464 464 464 464 464 464 464 464 464 464 464 464 464 464 464 464 464 464 464 464 464 464 464 464 464 464 464 464 464 464 464 464 464 464 464 464 464 464 464 464 464 464 464 464 464 464 464 464 464 464 464 464 464 464 464 464 464 464 464 464 464 464 464
"Sp.ED.110.SN" 572 584 585 590 581 590 589 568 574 566 589 587 580 572 585 586 586 578 570 589 583 586 565 601 581 584 591 576 578 570 590 596 576 586 576 587 570 593 602 581 583 589 593 594 580 588 589 578 581 581 567 580 591 574 580 581 594 597 581 589 595 582 584 577 579 588 588 583 575 576 586 597 589 595 572 596 586 585 591 566 587 583 573 593 578 573 579 574 571 575 582 572 588 582 588 598 579 581 569 592
"Sp.ED.15.DD" 658 633 661 590 630 610 620 638 643 617 636 632 632 664 640 639 651 624 594 642 639 625 608 661 648 615 640 621 637 625 599 626 634 653 632 635 629 647 664 654 616 614 625 652 645 633 615 617 627 652 616 631 666 627 652 635 633 613 645 609 613 637 648 642 627 630 652 641 630 652 640 650 617 636 635 604 649 611 623 606 663 619 638 651 628 622 631 659 624 656 631 616 633 634 641 632 623 675 633 641
"Sp.ED.15.SD" 597 599 583 600 562 586 580 574 587 582 566 583 586 618 576 590 550 558 568 594 580 564 591 571 624 580 573 593 595 567 589 565 575 582 603 591 582 573 589 577 586 596 591 591 592 585 567 607 588 572 575 596 595 572 588 557 576 578 589 582 561 582 580 589 621 592 583 585 580 588 599 605 606 587 595 561 588 590 557 561 600 569 601 615 568 580 563 565 605 562 579 583 579 576 567 590 588 590 597 597
"Sp.ED.15.SN" 624 610 589 627 637 622 611 626 654 640 619 622 657 634 632 622 600 642 616 619 613 627 638 629 620 610 608 648 613 640 650 605 622 621 636 598 639 628 656 629 636 607 618 612 629 593 606 604 633 648 627 633 628 627 633 588 620 643 624 634 637 615 623 627 638 611 581 658 624 637 618 621 620 631 610 629 612 644 617 629 603 630 619 608 612 644 633 624 596 631 603 632 635 597 660 603 650 638 617 625
"Sp.ED.MLB.SN" 918 881 892 892 916 894 897 884 893 924 871 878 875 929 907 940 904 849 900 878 898 904 866 878 911 913 884 891 923 887 910 925 917 898 871 874 900 900 911 896 889 891 875 933 909 909 888 892 886 887 928 874 879 901 881 889 881 912 907 892 889 866 929 893 903 885 921 886 940 899 911 868 891 898 870 922 881 912 894 921 902 884 915 924 871 906 905 909 909 910 903 900 865 913 899 915 889 893 939 867
"Su.BcD.110.DCMD" 211 223 228 220 228 240 247 225 233 227 225 221 219 232 234 212 207 215 215 223 218 215 211 216 217 223 229 219 214 228 219 225 225 222 221 232 228 214 223 227 224 214 228 216 221 218 220 236 226 223 207 224 216 223 227 215 214 225 224 224 219 221 209 219 234 229 223 220 230 225 230 227 224 238 227 230 218 232 214 225 215 227 221 225 229 214 217 219 211 218 219 223 223 216 214 212 224 218 221 218
"Su.BcD.110.DN" 281 279 292 292 268 281 297 280 278 282 299 280 287 281 281 289 283 293 275 293 299 296 295 287 302 295 277 296 286 286 287 294 281 293 289 285 280 292 273 303 291 277 296 303 290 299 291 277 290 287 289 283 288 290 290 284 297 299 285 300 283 267 276 289 288 289 279 295 306 276 284 285 291 290 290 281 284 276 292 286 285 285 301 278 298 276 283 289 301 279 285 284 286 287 287 289 293 291 281 292
"Su.BcD.110.SD" 174 186 182 168 177 176 183 188 163 171 179 174 163 177 178 180 168 181 161 171 178 168 177 184 171 186 155 187 164 173 186 171 181 173 185 164 174 175 180 172 177 180 174 169 170 183 176 169 181 169 187 170 190 176 179 187 174 176 169 179 186 173 172 169 170 174 190 171 175 183 171 177 172 188 176 179 173 185 173 178 170 172 185 171 175 179 177 179 175 176 184 170 180 189 177 182 177 178 189 174
"Su.BcD.110.SN" 187 177 175 185 187 187 180 181 190 186 181 186 186 188 191 189 190 187 184 185 183 183 180 185 191 168 180 176 188 176 178 181 171 172 188 176 181 192 184 172 188 184 194 186 188 196 187 165 191 180 189 183 188 177 183 194 189 188 194 176 192 190 184 178 191 180 178 171 177 184 184 199 179 196 184 187 191 185 164 178 183 177 184 180 184 193 172 181 183 187 178 172 195 180 181 197 173 181 186 184
"Su.BcD.15.DN" 220 234 226 224 219 208 238 252 226 224 216 232 239 224 227 231 225 222 224 232 235 214 227 239 233 224 227 232 217 231 235 221 235 244 236 221 235 225 231 236 249 230 240 235 221 220 227 232 234 227 229 228 227 233 239 228 251 229 229 227 237 242 234 234 230 228 222 223 235 229 222 232 233 233 237 227 235 223 223 237 240 230 249 230 220 227 212 225 228 230 223 225 232 233 238 236 229 228 234 223
"Su.BcD.15.SD" 247 232 227 241 235 240 248 244 228 254 246 254 236 247 234 244 253 257 239 244 250 249 242 238 243 250 226 255 247 238 243 237 249 239 232 247 245 241 233 243 242 245 247 236 241 252 236 248 236 254 237 238 245 248 236 237 249 227 241 235 238 243 253 240 249 232 244 241 257 229 242 239 240 227 246 252 241 240 250 245 247 252 242 249 243 231 230 251 264 249 249 257 223 240 238 267 251 242 245 256
"Su.BcD.15.SN" 261 264 264 259 254 268 263 254 254 256 273 258 257 251 258 272 264 266 261 253 275 262 259 260 244 263 252 263 272 258 270 274 269 266 252 264 265 280 270 239 257 268 262 270 255 260 262 268 285 273 263 262 246 261 267 263 267 252 253 274 261 271 268 265 261 260 247 269 262 270 270 269 270 267 257 260 271 261 248 262 260 280 265 262 271 255 269 273 255 258 265 263 263 273 257 258 267 248 257 270
"Su.BcD.MLB.DD" 476 483 469 469 474 463 487 479 463 477 488 449 483 487 473 462 476 450 473 482 493 477 464 452 460 482 439 460 458 450 459 454 476 483 480 462 473 468 467 481 472 477 466 481 460 483 503 472 474 465 472 480 475 454 478 488 474 465 459 480 470 496 465 452 465 489 468 477 468 476 492 487 483 487 489 488 467 461 453 470 485 470 486 480 462 502 474 485 468 480 497 466 483 484 493 483 460 466 466 485
"Su.BcD.MLB.SD" 375 355 344 360 371 362 351 340 353 362 350 356 376 340 366 353 375 356 364 355 367 348 367 343 343 359 366 356 355 371 352 345 377 359 344 362 368 359 356 353 361 350 353 347 359 369 361 344 356 359 369 347 375 383 348 350 373 344 355 365 369 340 348 349 359 358 367 342 359 368 367 357 364 358 355 332 336 369 328 372 352 351 356 372 358 357 356 358 342 332 354 362 354 357 356 360 361 352 365 349
"Su.BD.110.DCMD" 176 170 161 179 176 179 167 179 172 184 174 182 179 178 165 173 170 176 185 187 176 179 178 184 175 177 169 164 174 163 182 183 181 180 165 182 175 175 174 179 179 162 170 163 177 178 186 183 177 181 183 165 174 185 183 180 175 187 176 171 179 180 189 181 178 169 178 176 167 179 174 178 171 181 178 182 172 167 162 170 178 183 173 171 176 180 189 172 176 174 175 182 173 181 170 181 173 174 178 185
"Su.BD.110.DN" 216 216 222 218 222 216 222 213 225 214 219 220 227 220 223 216 205 233 222 211 226 215 223 211 214 219 227 223 209 219 212 220 217 228 220 215 220 216 226 216 218 218 226 229 209 219 224 214 208 217 214 220 213 221 208 211 215 215 217 208 216 215 222 222 213 219 227 217 203 226 218 232 210 220 216 215 217 218 222 210 215 222 220 226 229 207 207 218 212 215 220 218 217 220 231 217 223 207 218 211
"Su.BD.110.SD" 137 121 132 134 134 120 131 128 133 136 125 128 123 124 127 133 132 133 131 123 130 116 135 120 132 132 130 131 130 125 130 139 125 118 132 124 130 122 136 130 115 116 132 124 127 124 119 124 133 130 133 133 144 136 129 127 125 130 141 125 136 124 126 123 134 122 128 132 131 126 133 125 133 132 131 137 118 135 131 122 141 131 120 136 121 127 139 122 133 134 131 127 129 126 132 126 133 130 138 136
"Su.BD.110.SN" 141 117 119 115 117 130 129 127 122 123 125 117 126 131 128 132 131 126 127 128 124 123 132 126 122 128 127 120 122 131 122 126 128 113 129 126 121 118 129 127 116 124 115 110 127 123 131 127 116 117 123 130 119 128 119 122 128 115 118 129 122 132 117 120 126 122 135 122 132 120 128 123 123 128 122 117 128 114 125 130 121 137 132 126 125 120 122 124 117 120 128 122 117 114 127 120 114 130 122 117
"Su.BD.15.DN" 173 170 166 177 166 178 161 164 163 168 174 175 168 162 166 181 169 168 167 169 155 173 160 175 164 164 174 167 181 161 174 173 178 167 160 172 170 173 176 175 177 161 165 187 184 179 171 174 161 163 168 167 162 168 160 163 184 166 168 175 165 163 169 168 166 174 159 163 171 174 174 176 175 173 177 166 172 176 175 170 163 164 168 172 168 167 174 149 173 172 166 168 168 173 163 171 160 173 176 161
"Su.BD.15.SD" 169 172 183 173 180 173 181 185 179 173 174 182 180 173 178 174 173 176 173 177 171 178 171 180 177 199 169 179 190 195 176 179 180 186 176 185 180 174 180 170 186 179 173 175 171 179 169 175 169 177 178 170 168 164 163 174 177 186 175 170 176 169 176 183 184 164 183 179 167 169 167 186 178 186 177 169 177 184 182 181 163 171 180 168 189 180 181 167 182 183 186 166 169 173 188 170 171 175 181 181
"Su.BD.15.SN" 187 174 187 173 177 179 185 180 172 171 181 182 181 167 180 181 164 176 174 183 186 179 169 182 180 178 178 177 173 169 184 178 175 196 179 185 178 182 187 182 182 179 196 179 176 182 183 194 190 184 173 175 178 185 195 192 185 184 183 187 177 177 170 177 174 175 176 178 181 187 173 176 170 177 180 178 175 173 173 180 185 181 180 171 182 188 184 195 179 174 174 176 190 184 174 183 169 193 164 172
"Su.BD.MLB.DD" 324 345 331 331 347 345 334 343 344 342 324 345 335 329 334 340 325 333 335 334 354 340 352 320 346 340 340 348 336 330 335 322 350 326 331 342 340 345 343 340 340 339 354 343 355 359 322 344 337 334 347 336 328 344 346 334 319 347 332 349 338 337 348 325 333 362 340 337 342 335 365 328 337 331 325 349 341 347 338 324 354 338 333 346 344 334 360 339 347 352 330 333 316 326 329 328 332 329 334 343
"Su.BD.MLB.SD" 298 310 291 292 300 303 288 303 303 302 309 286 286 322 318 292 298 306 288 297 299 288 304 306 310 292 297 286 303 302 316 299 300 289 296 301 307 300 296 307 291 301 310 308 304 303 292 306 306 275 303 303 309 310 302 315 302 295 300 295 293 301 270 294 301 294 321 307 290 307 304 289 299 284 298 296 317 302 292 310 299 289 281 300 289 299 296 309 300 309 288 295 302 315 285 285 285 310 315 309
"Su.EcD.110.DCMD" 263 269 264 277 279 263 284 271 279 268 266 264 269 274 264 266 276 270 273 264 271 268 275 281 264 275 264 276 262 275 265 266 287 274 264 267 269 276 269 271 273 282 267 261 272 269 274 279 271 276 277 277 281 262 272 285 270 269 267 265 267 267 276 284 268 276 280 270 266 269 280 294 272 265 275 261 288 269 282 274 282 259 270 269 266 272 260 268 279 276 276 264 274 270 268 265 272 273 277 281
"Su.EcD.110.DN" 484 509 488 490 475 499 506 490 495 497 486 477 471 483 509 475 478 463 472 492 485 477 477 478 471 501 476 479 464 507 496 499 481 474 488 492 483 484 487 474 473 466 478 492 483 486 491 486 489 487 495 493 468 480 472 495 480 474 455 491 481 476 477 492 487 475 497 503 482 467 501 486 470 492 501 489 476 461 500 496 471 484 470 467 487 477 497 500 496 501 510 480 476 498 509 486 473 481 492 510
"Su.EcD.110.SD" 123 128 134 138 112 140 124 137 124 120 136 137 134 129 127 135 142 126 125 125 135 134 127 132 135 130 130 125 125 127 129 135 131 125 123 130 132 126 130 128 127 136 139 119 125 134 129 125 126 119 128 137 128 137 137 128 115 127 127 140 127 133 138 129 137 132 132 133 120 129 125 124 136 133 129 130 132 130 128 127 128 135 125 127 126 135 135 131 132 128 132 131 128 131 128 120 128 123 139 133
"Su.EcD.110.SN" 142 144 129 149 152 139 134 143 142 145 157 143 146 150 138 142 137 134 146 139 136 154 151 144 136 155 147 140 144 148 127 140 145 155 142 135 146 139 135 128 135 147 136 147 153 144 147 159 145 137 148 142 138 143 141 136 149 147 138 141 146 142 147 145 130 145 151 126 148 145 138 142 141 158 134 150 157 145 137 157 133 152 131 138 154 145 140 145 153 137 149 144 141 141 150 135 144 143 152 146
"Su.EcD.15.DN" 446 458 446 430 453 469 439 425 457 433 445 440 444 467 446 454 454 456 452 439 432 428 443 450 452 441 457 446 456 438 445 444 459 453 456 438 435 455 473 445 454 472 459 448 456 449 450 459 456 448 449 472 454 455 425 456 445 442 444 459 467 448 451 453 459 468 431 436 439 442 456 455 419 449 457 445 440 470 434 447 444 450 444 464 466 470 450 455 452 450 428 458 450 440 451 430 440 464 453 448
"Su.EcD.15.SD" 239 256 251 260 233 251 243 239 249 246 242 251 237 239 239 229 258 236 245 255 233 258 248 250 241 249 252 248 245 239 253 258 260 247 239 250 252 248 232 238 252 251 255 236 249 243 255 244 247 229 249 250 245 250 248 243 233 239 236 251 260 250 233 236 250 245 237 234 255 253 231 250 264 247 244 251 257 252 241 238 244 259 241 235 251 241 247 240 249 246 245 246 244 244 244 251 252 260 252 247
"Su.EcD.15.SN" 310 316 306 307 312 334 313 322 327 315 312 318 324 299 316 329 321 318 307 319 326 327 324 314 309 317 324 313 315 309 323 313 329 318 335 325 326 320 327 321 319 317 324 324 313 322 318 319 325 311 311 319 315 324 313 322 311 314 302 332 328 331 306 321 324 306 314 328 318 322 323 295 300 319 308 317 316 308 321 319 321 316 320 318 331 326 309 307 320 317 324 316 307 323 307 323 316 312 318 331
"Su.EcD.MLB.DD" 539 528 523 524 513 525 511 528 514 533 527 535 515 515 500 511 528 508 516 503 522 522 521 526 526 526 526 514 528 521 542 535 515 537 504 510 536 520 512 525 546 520 508 526 531 511 516 533 519 518 526 513 529 522 529 523 528 510 520 529 533 501 537 521 511 527 525 529 521 524 526 517 548 534 515 512 510 519 540 522 538 527 508 517 522 548 516 524 529 509 540 531 548 539 531 524 549 513 528 536
"Su.EcD.MLB.SD" 427 412 432 409 407 422 415 429 426 431 414 426 419 440 421 411 439 422 391 433 423 429 420 434 422 422 425 425 405 402 441 426 412 426 434 430 431 413 427 395 408 405 419 422 424 429 422 425 436 417 428 417 417 398 430 410 416 424 408 432 423 406 403 422 439 423 429 415 429 415 416 425 425 413 419 427 439 444 416 424 433 441 432 425 438 422 428 430 422 431 441 431 419 413 420 418 426 425 418 402
"Su.ED.110.DCMD" 266 265 266 251 272 260 256 259 263 266 266 266 253 261 273 276 256 264 263 269 268 268 256 269 265 272 268 251 270 269 259 268 271 268 258 278 255 275 269 269 264 264 254 256 271 253 264 261 263 259 251 256 263 270 262 263 264 267 251 256 253 256 253 269 256 269 264 277 263 263 252 252 261 270 260 254 259 273 266 266 257 255 262 276 268 269 249 258 267 263 272 264 258 259 261 246 269 262 268 266
"Su.ED.110.SD" 189 173 191 185 181 187 188 187 188 191 198 184 174 177 188 186 177 193 181 179 179 187 175 195 198 188 193 179 198 186 195 181 186 181 178 160 186 192 172 181 176 176 190 201 189 176 184 188 182 189 186 190 190 179 197 189 180 182 167 182 175 181 199 186 184 199 180 181 192 189 198 183 184 186 186 171 175 182 179 177 192 187 172 192 189 180 192 175 193 175 176 171 183 196 176 188 196 182 197 193
"Su.ED.110.SN" 152 157 161 151 154 163 160 150 159 151 162 151 164 156 159 150 151 162 153 159 163 157 152 150 153 159 160 147 158 152 148 149 158 158 155 161 153 148 151 159 158 157 151 160 161 156 159 151 160 165 151 156 148 160 167 155 146 148 163 155 152 154 159 162 156 157 156 147 162 155 150 146 148 161 161 169 158 156 159 147 162 162 158 147 160 153 156 160 148 158 160 152 153 156 154 160 159 151 147 152
"Su.ED.15.DN" 372 386 380 381 375 363 387 367 378 369 376 365 364 360 368 381 376 387 379 381 369 374 382 385 370 353 371 374 372 372 366 357 360 352 387 368 381 376 362 376 384 371 377 369 374 388 361 370 365 360 377 382 372 372 367 406 364 376 367 378 373 370 381 389 375 359 373 385 358 354 372 388 380 375 370 363 395 374 368 360 384 370 382 388 344 361 383 359 370 388 365 375 367 374 384 382 394 366 382 375
"Su.ED.15.SD" 294 281 279 281 280 299 283 282 281 294 287 294 290 279 296 295 286 284 296 298 308 288 286 273 293 276 285 276 309 281 301 283 275 273 290 269 277 289 298 279 299 274 279 288 287 278 284 296 280 281 287 289 280 290 276 287 288 277 297 275 295 273 303 295 282 278 282 285 281 280 288 271 290 295 291 284 289 275 285 303 283 287 286 300 276 281 291 294 283 286 282 299 279 308 286 290 287 289 284 293
"Su.ED.15.SN" 315 334 329 336 329 326 324 327 333 348 334 329 333 318 323 330 335 334 318 317 337 326 323 335 321 318 334 335 327 318 333 327 330 342 317 319 347 318 349 330 320 337 325 311 330 319 336 325 334 338 323 308 326 326 313 319 332 328 323 327 330 328 335 327 330 327 325 316 338 319 337 328 332 325 329 340 331 333 328 328 327 329 341 320 333 310 335 329 323 342 322 317 328 318 333 317 343 321 325 333
"Su.ED.MLB.DD" 566 579 563 572 582 577 582 587 572 564 575 570 569 573 569 566 570 582 563 571 591 570 585 562 573 567 561 574 544 555 584 559 579 547 570 551 563 569 573 572 576 576 558 559 558 567 569 556 546 580 575 589 585 571 565 583 552 576 561 588 573 562 546 591 562 570 558 558 558 582 582 576 578 566 596 567 576 566 562 567 555 546 566 580 565 577 560 572 560 565 585 587 550 578 580 575 564 578 561 571
"Su.ED.MLB.SD" 440 450 459 453 457 450 457 446 459 461 474 431 461 484 453 448 447 430 453 467 435 428 423 464 455 452 444 429 484 468 457 444 455 456 459 457 451 450 433 434 448 451 445 447 460 452 450 458 450 438 452 426 458 457 431 439 438 451 450 441 462 444 439 434 453 433 452 446 460 445 457 444 460 454 466 454 437 440 470 454 453 454 433 462 451 452 436 424 456 439 445 444 450 448 444 454 452 444 438 461
